8.461538
25.384615
54.600000
57.200000
57.200000
59.800000
54.600000
54.600000
57.200000
57.200000
2795.000000
1676.153846
106136.538461
8.461538
18.846154
54.600000
54.600000
54.600000
59.800000
54.600000
57.200000
54.600000
57.200000
2016.538462
1613.461538
92585.769231
8.461538
16.923077
54.600000
57.200000
52.000000
59.800000
54.600000
57.200000
52.000000
54.600000
2572.307692
1415.769231
130898.076923
8.461538
16.923077
57.200000
54.600000
54.600000
59.800000
57.200000
57.200000
54.600000
57.200000
2071.538462
1445.384615
2165111.923077
8.846154
18.846154
54.600000
57.200000
57.200000
59.800000
57.200000
57.200000
83.200000
57.200000
4226.538462
2384.230769
124147.307692
DONE 123
24263.817308
25858.205000
24834.621539
24609.692693
24383.561924
DONE 4_process
4884.380000
5030.329616
5299.690000
5459.690770
4892.516539
DONE 4_thread
31492.895577
33116.721154
36249.744039
33747.666347
30650.629039
DONE 4_process
1222.458462
1235.024231
1218.220770
1199.242308
1190.260770
30.000000
695.000000
44.000000
39.000000
44.000000
39.000000
39.000000
44.000000
39.000000
39.000000
2040.770801
1459.616507
58861.583740
38.000000
633.000000
47.000000
39.000000
39.000000
44.000000
39.000000
39.000000
47.000000
39.000000
1963.847664
1467.693437
72055.440043
33.000000
722.000000
44.000000
44.000000
39.000000
44.000000
77.000000
39.000000
47.000000
39.000000
1997.693844
1303.847157
77175.443981
33.000000
636.000000
39.000000
41.000000
39.000000
44.000000
39.000000
39.000000
44.000000
39.000000
1978.078445
1477.693444
64572.357363
30.000000
716.000000
39.000000
44.000000
95.000000
39.000000
122.000000
39.000000
42.000000
44.000000
1986.155374
1505.001158
76978.520753
33.000000
624.000000
44.000000
44.000000
116.000000
101.000000
151.000000
39.000000
42.000000
44.000000
1991.924609
1458.078045
45470.804208
33.000000
728.000000
42.000000
42.000000
47.000000
42.000000
113.000000
39.000000
39.000000
44.000000
1763.462895
1461.539586
31292.331763
35.000000
618.000000
42.000000
42.000000
74.000000
50.000000
134.000000
41.000000
42.000000
39.000000
1975.386135
1385.385681
68412.360317
30.000000
636.000000
42.000000
44.000000
47.000000
42.000000
47.000000
47.000000
45.000000
47.000000
2019.232322
1575.770443
50689.269761
33.000000
624.000000
44.000000
39.000000
44.000000
39.000000
39.000000
44.000000
39.000000
42.000000
2044.616957
1427.308790
60830.816024
30.000000
630.000000
42.000000
39.000000
44.000000
39.000000
44.000000
39.000000
42.000000
44.000000
2068.463130
1348.462576
75501.596540
