711	1
607	2
727	4
937	8
722	16
605	32
713	64
773	128
734	256
739	512
729	1024
757	2 MB
721	4 MB
763	8 MB
803	16 MB
928	32 MB
824	64 MB
575	1
736	2
724	4
754	8
766	16
713	32
590	64
896	128
582	256
734	512
712	1024
757	2 MB
723	4 MB
762	8 MB
780	16 MB
797	32 MB
931	64 MB
1057	1
725	2
721	4
749	8
766	16
590	32
707	64
763	128
702	256
728	512
733	1024
759	2 MB
596	4 MB
900	8 MB
772	16 MB
790	32 MB
793	64 MB
590	1
726	2
722	4
974	8
721	16
586	32
710	64
764	128
703	256
736	512
590	1024
758	2 MB
721	4 MB
761	8 MB
917	16 MB
793	32 MB
813	64 MB
712	1
735	2
741	4
789	8
731	16
709	32
585	64
885	128
587	256
733	512
716	1024
758	2 MB
725	4 MB
767	8 MB
990	16 MB
801	32 MB
930	64 MB
703	1
727	2
596	4
755	8
898	16
595	32
713	64
768	128
728	256
744	512
729	1024
800	2 MB
731	4 MB
773	8 MB
908	16 MB
798	32 MB
798	64 MB
577	1
722	2
718	4
788	8
718	16
716	32
584	64
888	128
605	256
734	512
727	1024
759	2 MB
737	4 MB
762	8 MB
775	16 MB
926	32 MB
794	64 MB
572	1
735	2
714	4
767	8
763	16
715	32
578	64
889	128
584	256
734	512
711	1024
754	2 MB
722	4 MB
761	8 MB
771	16 MB
804	32 MB
921	64 MB
705	1
972	2
779	4
737	8
730	16
801	32
707	64
758	128
770	256
732	512
713	1024
760	2 MB
721	4 MB
758	8 MB
782	16 MB
788	32 MB
926	64 MB
715	1
728	2
728	4
749	8
595	16
902	32
579	64
758	128
703	256
748	512
713	1024
759	2 MB
593	4 MB
763	8 MB
895	16 MB
792	32 MB
798	64 MB
717	1
736	2
759	4
743	8
589	16
711	32
761	64
773	128
898	256
782	512
779	1024
803	2 MB
907	4 MB
979	8 MB
827	16 MB
995	32 MB
994	64 MB
STRIDE SIZE 128
716	1
711	2
579	4
713	8
707	16
591	32
708	64
766	128
721	256
737	512
732	1024
798	2 MB
738	4 MB
799	8 MB
1225	16 MB
1761	32 MB
1684	64 MB
709	1
723	2
578	4
713	8
711	16
578	32
708	64
774	128
711	256
732	512
727	1024
791	2 MB
740	4 MB
793	8 MB
1196	16 MB
1751	32 MB
1778	64 MB
590	1
717	2
704	4
589	8
709	16
708	32
731	64
767	128
714	256
613	512
924	1024
804	2 MB
737	4 MB
940	8 MB
1083	16 MB
1953	32 MB
1775	64 MB
710	1
714	2
579	4
720	8
714	16
715	32
605	64
913	128
585	256
741	512
729	1024
924	2 MB
744	4 MB
804	8 MB
1209	16 MB
1772	32 MB
1826	64 MB
718	1
708	2
702	4
588	8
720	16
703	32
579	64
764	128
711	256
733	512
748	1024
790	2 MB
734	4 MB
795	8 MB
1199	16 MB
1760	32 MB
1765	64 MB
710	1
581	2
701	4
715	8
589	16
705	32
716	64
761	128
582	256
734	512
722	1024
788	2 MB
732	4 MB
922	8 MB
1064	16 MB
1744	32 MB
1783	64 MB
709	1
709	2
718	4
603	8
709	16
711	32
589	64
896	128
595	256
917	512
761	1024
797	2 MB
737	4 MB
939	8 MB
1052	16 MB
1964	32 MB
1763	64 MB
710	1
715	2
711	4
592	8
726	16
711	32
583	64
908	128
584	256
741	512
730	1024
938	2 MB
749	4 MB
807	8 MB
1190	16 MB
1761	32 MB
1827	64 MB
716	1
709	2
576	4
722	8
712	16
706	32
580	64
764	128
711	256
739	512
726	1024
791	2 MB
742	4 MB
935	8 MB
1069	16 MB
1749	32 MB
1786	64 MB
581	1
709	2
701	4
593	8
710	16
712	32
591	64
887	128
586	256
731	512
734	1024
792	2 MB
735	4 MB
921	8 MB
1047	16 MB
1740	32 MB
1814	64 MB
711	1
709	2
579	4
715	8
710	16
715	32
582	64
768	128
891	256
753	512
598	1024
922	2 MB
752	4 MB
802	8 MB
1212	16 MB
1817	32 MB
1890	64 MB
STRIDE SIZE 256
586	1
710	2
722	4
1081	8
723	16
695	32
587	64
938	128
717	256
734	512
601	1024
919	2 MB
738	4 MB
799	8 MB
1195	16 MB
1853	32 MB
1962	64 MB
718	1
592	2
710	4
753	8
710	16
585	32
711	64
752	128
725	256
758	512
730	1024
796	2 MB
753	4 MB
936	8 MB
1059	16 MB
1970	32 MB
2065	64 MB
718	1
712	2
714	4
587	8
704	16
574	32
718	64
759	128
713	256
754	512
727	1024
793	2 MB
747	4 MB
939	8 MB
1238	16 MB
1992	32 MB
2027	64 MB
584	1
713	2
712	4
715	8
575	16
706	32
579	64
882	128
586	256
745	512
731	1024
793	2 MB
739	4 MB
946	8 MB
1076	16 MB
1972	32 MB
2004	64 MB
741	1
737	2
702	4
609	8
706	16
704	32
580	64
899	128
586	256
740	512
783	1024
928	2 MB
739	4 MB
798	8 MB
1204	16 MB
1977	32 MB
2001	64 MB
725	1
588	2
745	4
716	8
721	16
583	32
711	64
762	128
711	256
735	512
728	1024
795	2 MB
757	4 MB
948	8 MB
1079	16 MB
1973	32 MB
1994	64 MB
709	1
1254	2
573	4
716	8
717	16
574	32
703	64
771	128
710	256
735	512
603	1024
927	2 MB
738	4 MB
798	8 MB
1199	16 MB
1982	32 MB
2017	64 MB
731	1
733	2
575	4
714	8
705	16
575	32
703	64
752	128
710	256
611	512
727	1024
919	2 MB
609	4 MB
929	8 MB
1239	16 MB
1996	32 MB
2003	64 MB
713	1
587	2
716	4
754	8
707	16
726	32
589	64
757	128
717	256
750	512
734	1024
797	2 MB
922	4 MB
805	8 MB
1236	16 MB
1981	32 MB
1995	64 MB
723	1
607	2
724	4
731	8
712	16
713	32
581	64
767	128
728	256
745	512
743	1024
796	2 MB
738	4 MB
923	8 MB
1256	16 MB
1998	32 MB
2003	64 MB
708	1
710	2
584	4
717	8
704	16
575	32
703	64
751	128
710	256
735	512
614	1024
922	2 MB
739	4 MB
800	8 MB
1199	16 MB
1981	32 MB
2019	64 MB
STRIDE SIZE 64
701	1
710	2
575	4
1169	8
589	16
726	32
705	64
744	128
583	256
732	512
723	1024
792	2 MB
731	4 MB
933	8 MB
1102	16 MB
1733	32 MB
1705	64 MB
577	1
762	2
729	4
722	8
711	16
1045	32
705	64
767	128
707	256
611	512
729	1024
930	2 MB
731	4 MB
790	8 MB
1196	16 MB
1601	32 MB
1733	64 MB
726	1
718	2
711	4
615	8
716	16
717	32
1033	64
1185	128
1055	256
1172	512
1047	1024
1048	2 MB
1181	4 MB
1225	8 MB
1324	16 MB
1774	32 MB
1917	64 MB
725	1
584	2
715	4
734	8
720	16
580	32
706	64
766	128
706	256
734	512
598	1024
920	2 MB
736	4 MB
798	8 MB
1265	16 MB
1743	32 MB
1759	64 MB
573	1
711	2
578	4
719	8
713	16
705	32
579	64
765	128
708	256
743	512
725	1024
785	2 MB
729	4 MB
792	8 MB
1221	16 MB
1729	32 MB
1745	64 MB
576	1
717	2
1069	4
724	8
717	16
761	32
712	64
742	128
588	256
733	512
724	1024
786	2 MB
736	4 MB
921	8 MB
1094	16 MB
1749	32 MB
1759	64 MB
725	1
1065	2
711	4
725	8
590	16
705	32
714	64
789	128
710	256
745	512
723	1024
789	2 MB
728	4 MB
797	8 MB
1289	16 MB
1759	32 MB
1747	64 MB
591	1
711	2
718	4
598	8
715	16
704	32
710	64
766	128
584	256
733	512
726	1024
793	2 MB
736	4 MB
924	8 MB
1249	16 MB
1741	32 MB
1771	64 MB
703	1
584	2
704	4
722	8
589	16
703	32
711	64
766	128
715	256
747	512
600	1024
917	2 MB
736	4 MB
794	8 MB
1206	16 MB
1732	32 MB
1614	64 MB
706	1
590	2
722	4
724	8
719	16
761	32
589	64
893	128
589	256
733	512
724	1024
788	2 MB
731	4 MB
797	8 MB
1206	16 MB
1742	32 MB
1736	64 MB
714	1
592	2
711	4
736	8
1035	16
705	32
578	64
919	128
738	256
750	512
727	1024
790	2 MB
737	4 MB
799	8 MB
1441	16 MB
1743	32 MB
1771	64 MB
