8.461604
3.076947
10.077001
9.000069
10.615466
9.384688
9.461611
17.384749
9.846230
17.538596
2075.015962
1476.165201
84039.107993
10.000077
2.115401
9.461611
10.230848
9.846230
9.230840
10.461619
13.923184
10.307772
10.461619
1906.553127
1467.703598
105554.658113
8.846222
1.923092
10.230848
9.846230
10.230848
12.384711
9.846230
10.230848
9.846230
10.000077
1878.860607
1385.395272
81629.858691
9.230840
2.615405
9.461611
10.384695
13.230871
9.846230
9.384688
13.538566
10.461619
15.615505
1883.476027
1387.318364
120759.390457
9.615459
2.653867
10.230848
9.461611
10.000077
10.230848
10.230848
14.461650
9.846230
10.461619
1830.398695
1345.779583
79815.613966
9.615459
2.769252
10.077001
9.846230
9.384688
13.307795
10.230848
18.923222
9.230840
9.615459
1927.707136
1476.165201
87543.365718
8.846222
3.076947
9.846230
9.615459
9.384688
10.000077
9.615459
10.846237
15.538581
17.846291
1901.168471
1379.625997
106988.130678
9.615459
3.076947
10.077001
9.384688
9.769306
13.461642
9.230840
13.461642
9.846230
10.230848
1856.552743
1266.932823
123114.408572
10.000077
2.923099
10.230848
9.615459
9.461611
10.000077
9.615459
18.230909
9.846230
16.153970
1861.937400
1409.241610
111767.398211
8.846222
2.692328
9.615459
10.230848
10.230848
9.846230
9.692382
17.615520
9.769306
16.692436
1886.937592
1407.318518
115455.503504
